17691114
17126360
62319472
14611733
17976548
726163
797434
726157
17838171
797403
71495441
3130430
3134033
14629021
581925
86724663
11013370
128070159
11509092
67415088
92719900
87874739
75800504
14632980
3089352
14628417
111030290
34959231
3506714
125953391
75570617
105280956
19881381
68153261
17127245
138547593
114779082
34965841
3166713
1026964
17442931
14632943
75623976
17684433
74601857
88872727
2900135
14611452
88312497
138539977
2897705
17442950
624075
17127276
66137775
75623983
937808
11489438
674461
17680653
116914088
2713162
11013381
3131196
86724665
2639775
81360760
102433864
101009330
14628412
71088848
77503096
15190482
12080183
3672726
6581088
10291301
34234031
120376980
17128955
17691130
4357939
69924606
1534916
15438700
34963151
12080184
17691115
74601864
112891642
122045294
4028529
15190485
85561694
3310015
17127258
17684435
34963201
85093352
17127213
2607762
937988
89260761
2468515
83155726
15613387
13148335
114778884
34972311
17684448
17684449
17684453
75623941
71511139
34996541
4033736
63480989
963042
14636098
138545025
138544273
17127247
114779100
581923
11489445
947100
75799737
-2349598066
95230144
947091
62734673
66042946
66137815
986275
45151701
14636099
138540341
67918921
17442928
2639772
69984808
138544271
15274868
17442929
86836341
107474576
3102805
37210271
114778948
14611448
18051278
15733522
17612014
947084
126206301
66480897
10864745
2713176
136403430
787629
14477354
17949898
63489508
666790
139172671
122045266
13233065
14627050
958114
813815
67918929
60868965
18054192
669344
30514251
116914122
125989145
3166708
3603704
623589
120376986
66042949
18084366
17680651
114778888
77503087
88872713
66740633
138547605
17946072
947968
85093350
3155268
17967393
624201
2369165
75299648
92723004
69070925
14639559
107471940
17127248
17934958
114778270
92134728
92400974
13785981
14636257
1534933
73615292
114779088
6581093
15733514
17605168
77654020
581909
17940632
77654029
10864744
75623946
114778182
17609974
17691123
623127
63480992
14628460
138547415
13785969
5026978
112891652
15438701
5735995
4292979
14636256
17345835
105281116
75572712
69924604
17126355
15586298
66538691
17442777
14628418
34972191
136403422
945389
68016250
75624376
30511641
3859202
17127216
88872715
75299642
34965871
68016256
813791
14636254
3590156
94175372
75799831
80654450
3089358
3860078
813835
10864742
2369139
67754238
17442966
2713175
114778940
3135562
75626156
759320
75623985
2813036
17128958
75799762
75572789
2639769
2369156
4114348
947097
17442934
107471926
89260721
722642
90432263
97173546
6249242
75623984
3166702
114778928
10291279
45167501
15523358
17603295
3135763
34987601
100243524
75624379
3135774
30515491
669346
92723016
77654025
14639356
1534947
114779210
17685504
75299638
4357945
16348075
75457546
1026283
5490693
3132442
74524961
17944082
81360778
14636274
15178628
114779078
5429292
581904
17967905
107474570
17613038
624202
75624314
13782567
114778184
34961151
15586310
74062531
1534951
108569578
29372751
61235085
14636110
37210191
3880072
6249239
2639773
85561698
138546819
4304371
80654440
14632992
1038556
74601859
37211101
3132444
15715675
14627048
30517421
114778206
5094606
674453
72360573
3148111
97173548
17127217
947972
3506710
7853302
1503900
18084593
2465904
14638949
18054185
937955
122045264
2815829
10983450
5948519
20720721
56725581
67354825
119450684
7459736
7459741
130700444
11151012
114778862
5735994
17345839
4091510
4292984
947106
4292981
138544277
34996561
70785568
12080206
1038554
114778898
15188929
66480895
986271
92134740
18027394
3124876
4292983
138539973
74601863
77654031
114778392
138539685
17680657
69256676
6030260
76389456
120376966
122045278
779171
1534966
131305620
2713171
68016255
60868970
114779196
61840031
5868510
1014909
77654021
943376
17691126
787674
76844657
15733506
65684365
15178339
934797
18090724
107790254
3859208
138544267
114778196
75572793
7532134
4314226
3586734
2607758
14636268
1013992
17605935
17685502
138544279
14632949
14637333
105098832
73745405
20636221
941399
3590157
101009324
114778850
14637916
813820
83155736
138544261
71088838
75624308
63480987
6249234
66777504
18052839
114778192
17345836
66538690
5094603
125989143
3613153
74601860
93719794
14636269
17605162
34965931
75624309
77654012
85096896
19881431
17944076
10291283
75624382
14628421
2813023
3124877
75559458
2897699
937996
3860073
4114338
17126362
62735475
17637064
1013486
937976
68016251
14629023
963052
948798
3116308
17444983
17444982
3859206
74062529
75623962
114779188
3102806
90571441
937820
88299247
15733509
100243522
107471922
6328728
17691128
7853627
66137814
3133598
15523352
66042954
17442937
18084363
75569816
30517391
83941155
105407016
1038561
61235089
945411
14618866
14647480
17127209
75624324
3150982
85900443
34972211
11509087
3310018
108215102
13785980
17691125
85561696
75624380
17127238
1027923
623124
3758284
82152672
4114329
14618881
3148106
105281822
779241
130200612
14611449
20636191
92400994
14477357
15275280
86724655
17613043
16348070
1064815
111030280
72160309
141867037
90432205
14638364
70222163
67238731
943367
85096888
4091505
93383126
13785975
947108
13785966
85377432
108215112
75623977
14627134
943246
10961098
4848221
2066863
1051978
1051985
138540353
725408
935247
15733515
59180381
111624866
14637357
17127255
92400970
76893489
3590161
18058917
107749892
17127208
18027403
105099002
1534909
7193840
70785570
63489512
14477359
934781
1028252
94175390
14609938
11489443
17605171
12080199
101112962
17967367
82152664
17691131
2813028
131305642
6249236
2657828
17128721
17345834
3613157
14627051
6629314
14638330
1029066
10291281
17599498
86724653
17942698
18091138
18052837
14874847
17691119
1068528
79231111
948781
1104588
145471614
950318
17613031
62743729
59180371
17691117
14637907
61840035
90432257
15438697
18090730
114778860
937811
34234061
14638345
3166718
131305586
61235087
948775
4114340
4114336
4114334
4114328
948794
18091141
942250
121767356
104672866
14638328
62304808
14647477
3506701
6328729
19783841
77654032
14633891
10291297
66042950
6581106
14611453
101753745
138540345
14636276
133550156
5620326
17634729
4114330
937979
78670918
19881401
65684367
73615302
10291282
10291278
17609975
17126357
937816
6249243
6587031
6249231
34987011
787612
3135764
85561692
76908492
937985
17444974
10961076
3166715
4033729
14618875
14638360
1038558
60868961
14638329
2639768
59180481
122045260
5093672
4033731
45151631
76389458
66042952
138539979
133550168
15613380
3135769
31150111
17967904
17939576
30514231
17940633
138539991
17613044
123754348
105427092
114778952
17691122
90432255
3703251
1127790
139172697
14609940
17127220
14632961
14638379
125953469
13785982
3731616
947103
11013379
70222152
139172695
14611439
74601854
114779192
133550112
12191326
3164158
3135776
14636255
3089350
75623958
62382214
723876
112891672
937818
5948521
14636106
15273773
66042953
119549112
404194012
14636108
75572710
17128512
3359969
75624377
18084369
948760
124246598
15523335
19783941
100419954
17680040
17986376
1029709
3599555
67906764
5959040
136408208
3148105
15438705
18059830
372088691
813802
14628419
1127789
17968510
3703241
14627049
69924615
18052838
93536208
14874849
14615179
138545015
17600161
97173560
30515411
17691116
114778924
17345833
17613035
3859204
75624385
17968517
3100444
17127226
722662
131305612
18027392
8133400
18084365
76844654
5936387
18056121
81360766
14875995
4033737
18084590
18058919
107474558
14494885
125989167
59509521
15190971
82783078
7459734
60868966
14639509
17613660
75572827
116914098
66480903
85561704
70785573
3155548
17939116
75799763
68016253
81360710
2794651
114778876
354992271
7193843
66042956
145471604
358136281
779249
1013205
82152670
4378672
138540279
5094605
17946073
136332256
14875984
3751262
3155264
623122
145083916
3310010
19881371
14636272
135870998
1870164
6629308
34987651
623125
18040294
3135563
937101
17633160
14619561
14635979
76384293
59180401
4883496
30506451
987019
18100164
130200626
6581084
81690336
108215104
136332232
70222153
13132164
59509511
89260713
114778396
430441332
116436884
14638333
130200628
17980481
5094614
6884093
3826704
66538694
3135853
3616276
88299263
358136301
18091199
2900118
14637912
75623961
17940623
14638342
377386351
17128959
958106
17604240
66740640
145531758
14627061
114779076
7223374
119450690
145083932
17442936
786358
67906770
452203652
18100171
61840046
116425422
116425410
5936379
15275241
139172673
17479366
10983455
3089359
3253464
17637140
14627055
77654014
14611455
787645
83941147
3703249
75572721
62732547
678336
11523525
60438851
61235091
17442930
14629024
723903
-2349594406
14874853
15275365
145471602
546644
107471936
121767336
75799834
11126748
14637324
18058916
29379461
17604777
116467650
3132438
71511140
14638354
111030294
378347881
404193882
114778852
120376984
18054183
14619577
3089345
378391841
145471612
378347971
102951636
14632952
7532140
14874867
17968511
79572666
138546817
17613037
2486110
718312
707725
17634155
64327141
678385
11509088
107471938
14611437
3116313
14618257
74062587
1293892
3132440
116425368
10291299
138202949
86836351
14636248
17127257
1705167
81360762
114860990
79572646
355064981
17614293
723871
404193862
70785571
947979
17442927
78856514
67918919
6587041
3148108
3102800
8133408
2661882
366541351
62732545
66539533
66480889
85046308
85561712
17683365
427642812
139172667
107474522
385191471
76297670
108215116
65393487
377386431
4114352
417629082
17685500
140876033
3166704
128391295
14874843
6884089
1053040
774261
114778856
70785574
2793750
85096892
11489447
3089035
92719904
3506704
74663586
354992321
14637911
34961121
78861376
943378
15275144
17939110
17613032
18052834
870313
17986378
71377610
14632959
378312881
3880060
14636283
13570402
8026266
14628410
14636261
69924609
73556402
61235092
75623956
17637137
3919988
4114354
4940078
14628385
14619550
937824
85455376
122045274
17680652
622730
664507
66538695
17632530
15190479
14632946
2713165
116442520
14638363
138547601
116914206
2052679
17797568
14633865
3166712
114779186
1028253
669521
7532133
107474516
17680236
88469723
17934959
114860994
66539538
14637325
64327147
6490174
17940627
85561690
116435376
472518532
138545007
98352306
425695592
136408200
144389428
74601861
12080202
20636181
14874869
14632955
98540078
85561702
64327146
17691118
3703242
3506700
10291293
17691129
19776331
14611434
135870994
14619542
98352378
111969072
1046980
128391297
17612886
116425398
65393489
15178480
138539975
378347981
62732852
138539971
17127244
831313
101113000
11489440
141867053
19784761
75623943
10291276
669526
71116120
116436912
934792
71444772
114778848
102618192
14636263
443447872
3309997
14876001
131744724
67415096
101112964
70114161
937090
123191690
105281312
14874851
62743219
379195711
13206032
13206036
30280781
529435351
17710552
17637074
17633158
17633159
3148103
3148104
518671612
