13159665
13159666
13159667
13159852
13159668
13159841
13159669
13159670
13159671
13159853
13159672
13159673
13159674
14882214
2465900
2465904
2465905
2465906
2465907
2465908
2465909
2465850
14881320
2465910
2465911
2465847
2465912
14881313
92720036
92720038
92720040
92720042
92720044
92720046
92720048
92720050
92720052
92720054
92723000
92723002
92723004
92723006
92723008
92723010
92723012
92723014
92723016
92719998
92720000
92720002
92720004
92720006
92720008
92720010
92720012
92720014
92719900
92719902
92719904
92719906
92719908
92719910
92719912
92719914
92719916
92719918
3148103
3148104
3148105
3148106
3148107
3148108
3148109
3148110
3148111
3874233
4225005
4225006
4225007
4225008
4225009
4225010
4225011
4225016
4225018
4225021
4225028
15178296
15178683
15178214
15178637
15178480
15178628
15178685
15178438
15178745
15178953
15178339
15178188
15178233
15523333
15523335
15523336
15523338
15523342
15523346
15523349
15523350
15523352
15523356
15523358
15523360
1038550
1038552
1038554
1038556
1038557
1038558
1038561
15438692
15438693
15438694
15438695
15438696
15438697
15438698
15438699
15438700
15438701
15438702
15438703
15438704
15438705
15438706
73745402
73745403
73745404
73745405
73745406
10983448
10983449
10983450
10983451
10983452
10983453
10983454
10983455
10983456
10983457
10983458
10983459
10983460
10983461
10983462
10983463
11509083
11509084
11509085
11509086
11509087
11509088
11509089
11509090
11509091
11509092
30931621
30931631
30931641
30931651
30931661
30931671
30931681
30931691
30931701
30931711
30931721
30931731
30931741
30931751
65684364
65684365
65684366
65684367
65684368
65684369
65684370
65684371
65684372
65684373
3860069
3860070
3860071
3860072
3860073
3860074
3860075
3860076
3860077
3860078
3860079
3860081
3860082
74524958
74524959
74524960
74524961
74524962
74524963
74524964
74524965
74524966
74524967
74524968
77966645
77966646
77966647
77966648
77966649
77966650
77966651
77966652
77966653
77966654
77966655
77966656
77966657
77966658
37210191
37210201
37210211
37210221
37210231
37210241
37210251
37210261
37210271
37210281
37210291
37210301
37210311
37210321
37210331
85900405
85900409
85900413
85900417
85900421
85900425
85900429
85900431
85900435
85900439
85900441
85900443
133388730
133388732
133388734
133388736
133388738
133388740
133388742
133388744
133388746
133388748
34961061
34961071
34961081
34961091
34961101
34961111
34961121
34961131
34961141
34961151
34965831
34965841
34965851
34965861
34965871
34965881
34965891
34965901
34965911
34965921
34965931
34963111
34963121
34963131
34963141
34963151
34963161
34963171
34963181
34963191
34963201
34963211
34963221
34963231
34972181
34972191
34972201
34972211
34972221
34972231
34972241
34972251
34972261
34972271
34972281
34972291
34972301
34972311
17126354
17126355
17126356
17126357
17126358
17126359
17126360
17126361
17126362
17126363
17128955
17128956
17128957
17128958
17128959
17128960
17128961
17128962
17128963
17128964
17128965
107790246
107790248
107790250
107790252
107790254
107790256
107790258
107790260
107790262
107790264
107790266
107790268
107790270
107790272
107790274
107790276
107790278
107790280
107790282
89741093
89741095
89741097
89741099
89741101
89741103
89741105
89741107
89741109
89741111
89741113
89741115
89741117
89741119
89741121
89741123
89741125
5959032
5959034
5959036
5959039
5959040
5959042
5959045
5959046
5959047
5959048
5959049
5959050
34987601
34987611
34987621
34987631
34987641
34987651
34987661
34987671
34987681
34987691
6249229
6249230
6249231
6249232
6249233
6249234
6249235
6249236
6249237
6249238
6249239
6249240
6249241
6249242
6249243
11013410
11013411
11013412
11013413
11013414
11013415
11013416
11013417
11013418
11013419
2684282
2684283
2684284
2684285
2684286
2684287
2684288
2684289
2684290
2684291
2684292
2684293
2684294
2684295
2684296
2684297
2684298
668418
668419
668422
668423
668424
668426
668427
668429
668431
668433
668434
668394
668395
668396
668397
668398
668399
668401
668403
668405
668406
668408
668409
668410
668412
668413
14615178
14615179
14615180
14615181
14615182
14615183
14615184
14615185
14615186
14615187
14615188
14615189
14615190
14615191
14615192
14615193
14615194
14615195
14615196
14615197
14615198
14615199
14615200
14615201
14615202
14615203
14615204
14615205
14615206
2713334
2713335
2713336
2713337
2713338
2713339
2713340
2713341
2713342
2713343
2713344
2713345
2713346
2713347
2713348
69542235
69542236
69542237
69542238
69542239
69542240
69542241
69542242
69542243
69542244
69542245
69542246
69542247
3586721
3586722
3586723
3586724
3586725
3586726
3586727
3586728
3586729
3586730
3586731
3586732
3586733
3586734
950284
950287
950289
950292
950295
950298
950300
950301
950303
950304
950306
950308
950311
950312
950313
950315
950318
950319
6328718
6328719
6328720
6328721
6328722
6328723
6328724
6328725
6328726
6328727
6328728
6328729
6328730
6328731
947965
947968
947969
947972
947975
947979
947982
947985
947990
947992
947994
947998
948002
948004
105098826
105098828
105098830
105098832
105098834
105098836
105098838
105098840
105098842
105098844
105098846
105098848
105098850
105098852
105098854
105098856
105098858
105098860
105291776
105291778
105291780
105291782
105291784
105291786
105291788
105291790
105291792
105291794
105291796
105291798
105291800
105291802
105291804
947081
947084
947086
947088
947091
947095
947097
947100
947103
947106
947108
947113
947117
947121
75626156
75626157
75626158
75626159
75626160
75626161
75626162
75626163
75626164
75626165
14648603
14648605
14648606
14648607
14648608
14648609
14648610
14648611
14648612
14648613
14648614
75624376
75624377
75624378
75624379
75624380
75624381
75624382
75624383
75624384
75624385
3122774
3122775
3122776
3122777
3122778
3122779
3122780
3122781
3122782
3122783
3122784
3122785
3122786
3122787
3122788
3122789
3122790
3122791
3122792
3122793
3132438
3132439
3132440
3132441
3132442
3132443
3132444
3132445
3132446
3132447
3132448
3132449
3132450
3132451
3132452
3132453
3132454
3132455
3132456
3132457
3132458
3132459
3131281
3131282
3131283
3131284
3131285
3131286
3131287
3131288
3131289
3131290
3131291
3131292
3131293
3131294
3131295
3131296
3131297
3131298
3131299
3131300
18051272
18051273
18051274
18051275
18051276
18051277
18051278
18051279
18051280
18051281
18051282
18051283
18051284
3124228
3124229
3124230
3124231
3124232
3124233
3124234
3124235
3124236
3124237
3124238
3124239
3124240
3124241
3124242
17632530
17632531
17632532
17632533
17632534
17632535
17632536
17632537
17632538
17632539
17632540
17632541
25444211
17634721
17634722
17634723
102433852
17634724
17634725
17634726
17634727
102433856
17634728
102433860
17634729
102433864
102433870
17680235
17680236
17680237
17680238
17680239
17680240
17680241
17680242
17680243
17680244
17680245
17680246
20194591
20194601
34184481
17679400
17679401
17679402
17679403
34184541
17679404
17679405
34184571
34184591
34184611
17679406
34184631
17681915
17681916
17681917
17681918
17681919
17681920
17681921
17681922
17681923
17681924
17681925
17681926
17681927
17681928
17681929
17681930
17681931
17681932
17681933
17681934
17681935
17681936
17681937
17681938
17681939
17681940
17681941
17681942
17681943
17681944
17681945
17681946
17680648
17680649
17680650
17680651
17680652
17680653
17680654
17680655
17680656
17680657
17680658
17680659
86836341
86836343
86836345
86836347
86836349
86836351
86836353
86836355
86836357
86836359
86836361
86836363
943226
943229
943232
943233
943234
943237
943239
943243
943246
943248
943250
943254
2639766
2639767
2639768
2639769
2639770
2639771
2639772
2639773
2639774
2639775
105281634
105281636
105281638
105281640
105281642
105281644
105281646
105281648
105281650
105281652
105281654
105281656
105281658
14628453
14628454
14628455
14628456
14628457
14628458
14628459
14628460
14628461
14628462
14628463
14628464
14628465
14628466
14628467
623122
623124
624200
623125
625238
623127
624653
625192
624201
623589
623126
624202
16501737
16501738
16501739
16501740
16501745
16501741
16501747
16501742
16501746
16501743
16501744
3133595
3133596
3133597
3133598
3133599
3133600
3133601
3133602
3133603
3133604
3133605
3133606
622729
624759
622730
625185
622734
623994
622731
623997
623725
624572
624758
1026191
1029529
1028252
1026964
1028253
1026188
1026187
1028254
1029662
1029709
1028924
1029066
73724283
73724284
125965485
125965487
125965489
125965491
125965493
125965495
125965497
125965499
125965501
125965503
125953387
125953389
125953391
125953393
125953395
125953397
125953399
125953401
125953403
125953405
125953407
125953409
125953411
118653578
118653580
118653582
118653584
118653586
118653588
118653590
118653592
118653594
118653596
118653598
118653600
119953002
119953004
119953006
119953008
119953010
119953012
119953014
119953016
119953018
119953020
119953022
119953024
88312491
88312493
88312495
88312497
88312499
88312501
88312503
88312505
88312507
88312509
88312511
88312513
88312515
88312517
88312519
88312521
88312523
88312525
88312527
88312529
88312531
88312533
88312535
88312537
88312539
88312541
88312543
88312545
88312547
88312549
88312551
54146291
54146301
54146311
54146321
54146331
54146341
54146351
54146361
54146371
54146381
54146391
54146401
54146411
54146421
54146431
54146441
54146451
54146461
14611450
14611451
14611452
14611453
14611454
14611455
14611456
14611457
14611458
14611459
14611460
7532133
7532134
7532135
7532136
7532137
7532138
7532139
7532140
7532141
7532142
14611473
14611474
14611475
14611476
14611477
14611478
14611479
14611480
14611481
14611482
14611483
14619125
14619126
14619127
14619128
14619129
14619130
14619131
14619132
14619133
14619134
14619135
14619136
1602535
1602538
1602540
1602542
1602544
1602546
1602548
1602549
1602551
1602554
1602557
1602558
1602560
1602563
1602566
74062597
74062598
74062599
74062600
74062601
74062567
74062568
74062569
74062570
74062571
74062572
74062573
74062574
74062527
74062528
74062529
74062530
74062531
74062532
74062533
74062534
74062503
74062504
74062505
74062506
74062507
74062508
74062509
74062510
74062488
74062489
74062490
74062491
74062492
74062493
74062494
74062495
17933487
17933488
17933489
17933490
17933491
17933492
17933493
17933494
17933495
17933496
17933497
17933498
17933499
937808
937811
937813
937816
937818
937820
937824
937827
937830
937835
126047241
126047243
126047245
126047247
126047249
126047251
126047255
126047259
3100644
3100645
3100646
3100647
3100648
3100649
3100650
3100651
3100652
3100653
3100654
3100655
3100656
3100657
3100658
3100659
3100595
3100596
3100597
3100598
3100599
3100600
3100601
3100602
3100603
3100604
3100605
3100606
3100607
3100608
3100609
3100610
3100611
3100612
3100613
3100614
3100615
3100616
3100617
3100618
3100619
3100620
3100621
3100622
3100623
3100624
3100625
3100626
3100627
34233941
34233951
34233961
34233971
34233981
34233991
34234001
34234011
34234021
34234031
34234041
34234051
34234061
34234071
34234081
34234091
34234101
34234111
34234121
17968509
17968510
17968511
17968512
17968513
17968514
17968515
17968516
17968517
17968518
17968519
17968520
17989299
17989300
17989301
17989302
17989303
17989304
17989305
17989306
17989307
17989308
17989309
17989310
17989311
17989312
17989313
17989314
17989315
17989316
17989317
17989318
17989319
17989320
17989321
17989322
17989323
17989324
17989325
17989326
17989327
17989328
17989329
17989330
17989331
17989332
17989333
17989334
17989335
17989336
17989337
17989338
17989339
17989340
17989341
17989342
17989343
29373571
29373581
29373591
29373601
29373611
29373621
29373631
29373641
29373651
29373661
29373671
29373681
29373691
29373701
29373711
29373721
29373731
29373741
70566332
70566334
70566336
70566338
70566340
70566341
70566343
70566344
70566346
70566348
70566350
15190485
15190482
15190492
15190971
15192225
15190968
15190972
15190476
15192228
15190488
15192688
15192233
15190479
15192229
15188933
15188929
15191325
15193618
15188926
15191322
15190700
15192573
15194957
15188923
13782684
13782563
13782568
13782561
13782566
13782562
13782559
13782567
13782560
13782565
13782635
14477354
14477355
14477361
14477356
14477357
14477358
14477362
14477359
14477360
15347363
15347294
15347298
15347301
15347304
15347307
15347308
15347309
15347310
15347311
15347312
15347313
15192384
15188887
15191298
15188885
15190722
15188883
15191296
15196687
15188881
15190723
68584634
68584734
70561781
68584651
68584641
68584650
68584691
68584642
68584675
68584733
68584697
70561791
70561793
1013581
1013583
1013664
1014189
1013822
1014404
1013819
1013588
1014190
1013591
1015013
3093655
3093656
3093657
3093658
3093659
3093660
3093661
3093662
3093663
3093664
3093645
3093646
3093647
3093648
3093649
3093650
3093651
3093652
3093653
3093654
135317932
135317934
135317936
135317938
135317940
135317942
135317944
135317946
135317948
135317950
135317952
135317954
75799760
75799761
75799762
75799763
75799764
75799765
75799766
75799767
75799768
75799769
75799770
75799771
75800499
75800500
75800501
75800502
75800503
75800504
75800505
75800506
75800507
75800508
75799827
75799828
75799829
75799830
75799831
75799832
75799833
75799834
75799835
75799836
75799837
75799838
75799839
16363531
16363534
16363535
16363536
16363537
16363539
16363540
16363541
16363542
16363543
16363545
16363546
16363547
16363548
16363549
16363551
16363552
16363554
16363557
16363558
16363559
16348068
16348070
16348071
16348072
16348073
16348074
16348075
16348076
16348077
16348078
16348079
16348080
16348081
71136897
71136898
71136899
71136900
71136901
71136902
71136903
71136904
4357932
4357933
4357934
4357935
4357936
4357937
4357938
4357939
4357940
4357941
4357942
4357943
4357944
4357945
4357946
4357947
4357948
4357949
4357950
17946064
17946065
17946066
17946067
17946068
17946069
17946070
17946071
17946072
17946073
17946074
17946075
17946076
17946077
17946078
17946079
17946080
17946081
17946082
17946083
17946084
17946085
17946086
17946087
17946088
17946089
4091501
4091502
4091503
4091504
4091505
4091506
4091507
4091508
4091509
4091510
14628573
14628574
14628575
14628576
14628577
14628578
14628579
14628580
83941133
83941135
83941137
83941139
83941141
83941143
83941145
83941147
83941149
83941151
83941153
83941155
83941157
733903
733911
733921
733924
733934
733947
733952
733961
733966
733974
3155249
3155250
3155251
3155252
3155253
3155254
3155255
3155256
3155257
3155258
3155259
3155260
3155261
3155262
3155263
3155264
3155265
3155266
3155267
3155268
3155269
3155270
3155271
3155272
75457543
75457544
75457545
75457546
75457547
75457548
75457549
75457539
75457540
75457541
75457542
95341542
95341544
95341546
95341548
95341550
95341552
95341554
1503863
1503871
1503875
1503879
1503886
1503892
1503900
1503903
1503909
1503913
1503917
1503926
1503928
1503935
1503943
61655298
61655299
61655300
61655301
61655302
61655303
61655304
61655305
61655306
61655307
61655308
61655309
61655310
61655311
61655312
69256670
69256671
69256672
69256673
69256674
69256675
69256676
69256677
69256678
69256679
69256680
69256681
69256682
69256683
10864740
10864741
10864742
10864743
10864744
10864745
10864746
10864747
10864748
10864749
10864750
10864751
83934705
83934707
83934709
83934711
83934713
83934715
83934717
83934719
83934721
83934723
83934725
5741045
5741046
5741047
5741048
5741049
5741050
5741051
5741052
5741053
5741054
34068111
34068121
34068131
34068141
34068151
34068161
34068171
34068181
34068191
34068201
34068211
34068221
13062728
13062729
13062730
13062731
13062732
13062733
13062734
13062735
13062736
13062737
13062738
13062739
13062740
13062741
13062742
17967352
17967353
17967354
17967355
17967356
17967357
17967358
17967359
17967360
17967361
17967362
17967363
17967364
17967365
17967366
17967367
17967368
17967369
17967370
17967371
17967372
17967373
17967374
17967375
17967376
17967377
17967378
17967379
17967380
17967381
17967382
17967383
17967384
17967385
17967386
17967387
17967388
17967389
17967390
17967391
17967392
17967393
17967394
17967395
17967396
17967397
17967398
17967399
17967400
17967401
17949897
17949898
17949899
17949900
17949901
17949902
17949903
17949904
17949905
17949906
17949907
17949908
17949909
17949910
17949911
17949912
17949913
17949914
17949915
17949916
17949917
17949918
17949919
17949920
17949921
17949922
17949923
17949924
17949925
17949926
3919980
3919981
3919982
3919983
3919984
3919985
3919986
3919987
3919988
3919989
3919990
76389449
76389450
76389451
76389452
76389453
76389454
76389455
76389456
76389457
76389458
76389459
76389460
77503083
77503085
77503087
77503089
77503090
77503091
77503092
77503093
77503094
77503095
77503096
77503097
77503098
18054183
18054184
18054185
18054186
18054187
18054188
18054189
18054190
18054191
18054192
18054193
72360564
72360565
72360566
72360567
72360568
72360569
72360570
72360571
72360572
72360573
72360574
72360575
72360576
72360577
72360578
68894535
68894536
68894537
68894538
68894539
68894540
68894541
68894542
68894543
68894544
68894545
68894546
68894547
76893481
76893482
76893483
76893484
76893485
76893487
76893489
76893491
76893492
76893494
76893496
2900134
2897698
2897699
2897700
2897701
2897702
2900135
2897703
2897704
2897705
2897706
2897707
2900136
2900118
111030278
111030280
111030282
111030284
111030286
111030288
111030290
111030292
111030294
111030296
111030298
111030300
111030302
111030304
92298782
92298784
92298786
92298788
92298790
92298792
92298794
92298796
92298798
92298800
92298802
92298804
3135553
3135554
3135555
3135556
3135557
3135558
3135559
3135560
3135561
3135562
3135563
3135564
3135565
3135566
67238728
67238729
67238730
67238731
67238732
67238733
67238734
67238735
67238736
67238737
67238738
67238739
67238740
71088831
71088834
71088836
71088838
71088840
71088841
71088842
71088843
71088844
71088845
71088846
71088847
71088848
71088849
71088850
71088851
71088852
71088853
71088854
71125010
71125011
71125012
71125013
71125014
71125015
71125016
71125017
107474558
107474560
107474562
107474564
107474566
107474568
107474570
107474572
107474574
107474576
107474516
107474518
107474520
107474522
107474524
107474526
107474528
107474530
107474532
107474534
107474536
14599133
14599134
14599135
14599136
14599137
14599138
14599139
14599140
14599141
14599142
14599143
107471920
107471922
107471924
107471926
107471928
107471930
107471932
107471934
107471936
107471938
107471940
937967
937968
937973
937976
937977
937979
937981
937985
937988
937989
937990
937993
937996
937999
938002
938007
942242
942244
942245
942247
942250
942253
942256
942259
942260
942263
942264
942267
941381
941387
941391
941394
941395
941399
941403
941406
936433
936436
936439
936444
936447
936450
936453
936456
936458
948760
948763
948765
948769
948770
948773
948775
948778
948781
948785
948787
948789
948791
948794
948798
940842
940845
940848
940851
940854
940856
940859
940862
2067617
2067625
2067630
2067639
2067643
2067648
2067657
2067665
2067669
2067675
2067689
2067692
2067699
2067704
2067708
2067713
2067725
2067732
2067737
2067743
2067752
1509370
1509373
1509377
1509382
1509387
1509390
1509394
1509398
1509402
1509407
1534909
1534916
1534923
1534928
1534933
1534937
1534940
1534947
1534951
1534957
1534966
1534971
1534973
1534980
1534984
1534992
1534995
115099744
115099746
115099748
115099750
115099752
115099754
115099756
11151005
11151006
11151007
11151008
11151009
11151010
11151011
11151012
11151013
11151014
11151015
11151016
71511136
71511137
71511138
71511139
71511140
71511141
71511142
71511143
71511144
71511145
71511146
123754342
123754344
123754346
123754348
123754350
123754352
123754354
123754356
123754358
123754360
123754362
17880809
17880810
17880811
17880812
17880813
17880814
17880815
17880816
17880817
17880818
17880819
17880820
17880821
30515411
30515421
30515431
30515441
30515451
30515461
30515471
30515481
30515491
30515501
30515511
30531711
30531721
30531731
30531741
30531751
30531761
30531771
30531781
30531791
30531801
30531811
30531821
30531831
30531841
30531851
30531861
30531871
30531881
138539671
138539673
138539675
138539677
138539679
138539681
138539683
138539685
138539687
7149038
7149039
7149040
7149041
7149042
7149043
7149044
7149045
7149046
7149047
7149048
14637898
14637899
14637900
14637901
14637902
14637903
14637904
14637905
14637906
14637907
14637908
14637909
14637910
14637911
14637912
14637913
14637914
14637915
14637916
14637917
17345829
17345830
17345831
17345832
17345833
17345834
17345835
17345836
17345837
17345838
17345839
17345840
37211091
37211101
37211111
37211121
14627048
14627049
14627050
14627051
14633883
14633884
14633885
14633886
14633887
14633888
14633889
14633890
14633891
14633892
14633893
14633894
14633895
14633896
14633897
14633898
14633899
14633900
14633901
14633902
14633903
14633904
14633905
14633906
14627133
14627134
14627135
14627136
14627052
14627053
14627054
14627055
14627056
14627061
14627062
14627063
14627064
14627065
14636269
14636270
14636271
14636272
14636273
14636274
14636275
14636276
14636277
14636278
14636279
14636280
14636281
14636282
14636283
14627057
14627058
14627059
14627060
14629020
14629021
14629022
14629023
14629024
14629025
14629026
14629027
14629028
14629029
14629030
14629031
14617997
14617998
14617999
14618000
14618001
14628412
14628413
14628414
14628415
14628416
14628417
14628418
14628419
14628420
14628421
14628422
14628423
14628424
14628425
14628426
14628427
14628428
14628429
14636254
14636255
14636256
14636257
14636258
14636259
14636260
14636261
14636262
14636263
14636264
14636265
14636266
14636267
14636268
17457536
17457537
17457538
17457539
17457540
17457541
17457542
17457543
17457544
17457545
17457546
17457547
17457548
17457549
17127972
17127973
17127974
17127975
17127976
17127977
17127978
17127979
17127980
5026977
5026978
5026979
5026980
5026981
5026982
5026983
5026984
5026985
118088486
118088488
118088490
118088492
118088494
118088496
118088498
118088500
118088502
118088504
76908489
76908490
76908491
76908492
76908493
76908494
76908495
76908496
76908497
76908498
76908499
76908500
76908501
76908502
76908503
76908504
935241
935242
935243
935245
935247
935249
935251
935253
935255
935257
935259
935261
935263
935265
935268
18040292
18040293
18040294
18040295
18040296
18040297
18040298
18040299
18040300
18040301
18040302
2713162
2713163
2713164
2713165
2713166
2713167
2713168
2713169
2713170
2713171
2713172
2713173
2713174
2713175
2713176
2713177
17944067
17944068
17944069
17944070
17944071
17944072
17944073
17944074
17944075
17944076
17944077
17944078
17944079
17944080
17944081
17944082
115956172
115956174
115956176
115956178
115956180
115956182
115956184
115956186
115956188
30506451
30506461
30506471
30506481
30506491
30506501
30506511
30506521
30506531
30506541
30506551
30506561
17942691
17942692
17942693
17942694
17942695
17942696
17942697
17942698
17942699
17942700
17942701
17942702
17942703
17942704
2815829
2815830
2815831
2815832
2815833
2815834
2815835
2815836
2815837
2815838
2815839
2815840
2815841
2815842
17637134
17637135
17637136
17637137
17637138
17637139
17637140
17637141
17637142
17637143
17637144
17637145
17637146
17633156
17633157
17633158
17633159
17633160
17633161
17633162
17633163
17633164
17633165
17633166
17633167
17633168
17637062
17637063
17637064
17637065
17637066
17637067
17637068
17637069
17637070
17637071
17637072
17637073
17637074
17637119
17637120
17637121
17637122
17637123
17637124
17637125
17637126
17637127
17637128
17637129
17637130
17637131
17637132
17637133
69070922
69070923
69070924
69070925
69070926
69070927
69070928
69070929
69070930
69070931
69070932
69070933
898259
898380
898382
898383
898385
898386
898388
898389
898391
898477
898273
898392
898261
13132164
898394
898395
898445
898397
898398
898400
898401
898403
898478
898405
898268
898407
898408
898410
898448
898262
898412
898480
898413
898415
898417
898418
898420
898451
898422
898274
898424
898425
898427
898483
898429
898431
898433
898434
898436
898485
125988215
125988217
125988219
125988221
125988223
125988225
125988227
125988229
125988231
125988233
125988235
4114328
4114329
4114330
4114331
4114332
4114334
4114336
4114338
4114340
4114342
4114344
4114346
4114348
4114351
4114353
4114333
4114335
4114337
4114339
4114341
4114343
4114345
4114347
4114349
4114350
4114352
4114354
4114355
4114356
4114357
4114358
14611446
14611447
14611448
14611449
77654012
77654013
77654014
77654015
77654016
77654017
77654018
77654019
77654020
77654021
77654022
77654024
77654025
77654026
77654027
77654028
77654029
77654030
77654031
77654032
85561690
85561692
85561694
85561696
85561698
85561700
85561702
85561704
85561706
85561708
85561710
85561712
85561714
85093338
85093340
85093342
85093344
85093346
85093348
85093350
85093352
85093354
17604234
17604235
17604236
17604237
17604238
17604239
17604240
17604241
17604242
17604243
17604244
17604245
17604246
17604247
813779
813782
813788
813791
813797
813802
813806
813812
813815
813820
813825
813833
813835
813837
3590155
3590156
3590157
3590158
3590159
3590160
3590161
3590162
3590163
3590164
3590165
5948517
5948518
5948519
5948520
5948521
5948522
5948523
5948524
5948525
5948526
94175372
94175374
94175376
94175378
94175380
94175382
94175384
94175386
94175388
94175390
94175392
3089340
3089341
3089342
3089343
3089344
3089345
3089346
3089347
3089348
3089349
3089350
3089351
3089352
3089353
3089354
3089355
3089356
3089357
3089358
3089359
3089360
3089361
3089362
3089363
3089364
3089365
3089366
3089367
3089368
3089369
3459131
3459132
3459133
3459134
3459135
3459136
3459137
3459138
36002291
36002301
36002311
36002321
36002331
36002341
36002351
36002361
36002371
36002381
36002291
36002301
36002311
36002321
36002331
36002341
36002351
36002361
36002371
36002381
13174556
13174602
13174574
13174394
13174573
13174509
13174393
13174392
13174592
13174508
83941467
83941469
83941471
83941473
83941475
83941477
83941479
83941481
83941483
83941485
63480986
63480987
63480988
63480989
63480990
63480991
63480992
63480993
63480994
63480995
63480996
2813020
2813021
2813022
2813023
2813024
2813025
2813026
2813027
2813028
2813029
2813030
2813031
2813032
2813033
2813034
2813035
2813036
109771368
109771370
109771372
109771374
109771376
109771378
109771380
140754955
140754957
140754959
95230134
95230136
95230138
95230140
95230142
95230144
95230146
95230148
95230150
95230152
45167411
45167421
45167431
45167441
45167451
45167461
45167471
45167481
45167491
45167501
45167511
45167521
45167531
45167541
45167551
45167561
45167571
15613377
15613378
15613379
15613380
15613381
15613382
15613386
15613383
15613384
15613385
15613387
15179366
15179229
15179231
15179314
15179124
15179144
15179375
15179140
15179316
15179257
15179384
15179298
15179376
15179126
15179185
3758278
3758279
3758280
3758281
3758282
3758283
3758284
3758285
3758286
3758287
3758288
3758289
2033771
2033786
2033799
2033807
2033818
2033829
2033843
2033854
2033867
2033876
2033892
2033903
2033912
8133400
8133401
8133402
8133403
8133404
8133405
8133406
8133407
8133408
8133409
8133410
8133411
8133412
7853302
7853303
7853304
7853305
7853306
7853307
7853308
7853309
7853310
7853311
7853312
7853313
7853314
7853617
7853618
7853619
7853620
7853621
7853622
7853623
7853624
7853625
7853626
7853627
31150021
31150031
31150041
31150051
31150061
31150071
31150081
31150091
31150101
31150111
16384100
16384101
16384102
16384103
16384104
16384105
16384106
16384107
16384108
16384109
16384110
16384111
16384112
105407014
105407016
105407018
105407020
105407022
105407024
105407026
105407028
105407030
105407032
105407034
105407036
108215102
108215104
108215106
108215108
108215110
108215112
108215114
108215116
108215118
108215120
108215122
108215124
62301398
62301399
17943202
17943203
17943204
17943205
17943206
17943207
17943208
17943209
17943210
17943211
17943212
133550108
133550112
133550116
133550120
133550124
133550128
133550130
133550134
133550138
133550142
133550144
133550146
133550148
133550150
133550152
133550154
133550156
133550158
133550160
133550162
133550168
133550172
133550176
133550178
133550180
133550182
133550184
133550186
622890
622887
624605
622888
624837
624764
622884
624075
624565
623739
624765
624838
624076
622889
624077
624078
624878
67780917
67780918
67780919
67780920
67780921
67780922
67780923
67780924
66537261
66537262
66537263
66537264
66537265
66537266
66537267
66537268
66537269
66537270
66537271
3100440
3100441
3100442
3100443
3100444
3100445
3100446
3100447
3100448
3100449
3100450
3100451
3100452
3100453
3100454
3100455
3100456
5490690
5490691
5490692
5490693
5490694
5490695
5490696
5490697
5490698
5490699
5490700
5490701
5490702
5490703
5490704
5490705
66042945
66042946
66042947
66042948
66042949
66042950
66042951
66042952
66042953
66042954
66042955
66042956
74601854
74601855
74601856
74601857
74601858
74601859
74601860
74601861
74601862
74601863
74601864
2369138
2369139
2369143
2369148
2369152
2369156
2369158
2369161
2369162
2369165
2369169
79169343
79169345
79169347
79169349
79169351
79169353
79169355
79169357
79169359
79169361
79169363
79169365
79169367
60810699
60810700
60810701
60810702
60810703
60810704
60810705
60810706
60810707
60810708
83073076
83073078
83073080
83073082
83073084
83073086
83073088
83073090
105280898
105280900
105280902
105280904
105280906
105280908
105280910
105280912
105280914
105280916
105280918
105280920
105280922
105280924
105280926
105280928
105280930
105280932
105280934
105280936
105280938
105280940
105280942
105280944
105280946
105280948
105280950
105280952
12009272
12009273
12009274
12009275
12009276
12009277
12009278
12009279
12009280
12009281
12009282
12009283
12009284
12009285
12009286
12009287
12009288
12009289
12009290
12009291
944581
944582
944585
944586
944588
944591
944592
944594
944597
944599
944602
944604
944607
944610
944612
947879
947882
947884
947887
947890
947893
947895
947896
947899
947900
947903
947907
947910
947912
947915
947916
947917
947919
947921
17605935
17605936
17605937
17605938
17605939
17605940
17605941
17605942
17605943
17605944
17605945
17605946
18059809
18059810
18059811
18059812
18059813
18059814
18059815
18059816
18059817
18059818
18059819
18059820
18059821
18059822
18059823
18059824
18059825
18059826
18059827
18059828
18059829
18059830
18059831
18059832
18059833
18059834
18059835
18059836
18059837
18059838
18059839
18059840
18059841
18059842
18059843
18059844
18059845
18059846
18059847
18059848
34959181
34959191
34959201
34959211
34959221
34959231
34959241
34959251
34959261
34959271
34959281
34959291
34959301
34959311
34959321
120414816
120414818
120414820
120414822
120414824
120414826
120414828
120414830
120414832
120414834
120414836
120414838
120414840
120414842
120414844
120414846
120414848
120414850
120414852
78522083
78522084
78522085
78522086
78522087
78522088
78522089
78522090
78522091
78522092
78522093
78522094
1015296
1012605
1012602
1013456
4028485
4028486
4028487
4028488
4028491
4028496
4028500
4028502
4028506
4028511
4028514
4028516
4028518
4028519
4028521
4028522
4028524
4028527
4028529
4028532
4028535
4028538
4028541
1027923
1026283
1028289
1029538
1030391
1029601
1026285
1026288
120376980
120376982
120376984
120376986
120376988
120376990
120376992
120376994
120376996
120376964
120376966
120376968
120376970
120376972
120376974
120376976
120376978
87162429
87162431
87162433
87162435
87162437
87162439
87162441
11394755
11394756
11394757
11394758
11394759
11394760
11394761
11394762
11394763
11394764
3880059
3880060
3880061
3880062
3880063
3880064
3880065
3880066
3880067
3880068
3880069
3880070
3880071
3880072
3880073
4292979
4292980
4292981
4292982
4292983
4292984
4292985
4292986
4292987
4292988
10291293
10291294
10291295
10291296
10291297
10291298
10291299
10291300
10291301
10291302
10291276
10291277
10291278
10291279
10291280
10291281
10291282
10291283
10291284
10291285
10291286
85096886
85096888
85096890
85096892
85096894
85096896
85096898
85096900
85096902
85096904
85096906
85096724
85096726
85096728
85096730
85096732
66187620
66187621
66187622
66187623
66187624
66187625
66187626
66187627
66187628
66187629
82473702
82473704
82473706
17687323
17687324
17687325
17687326
17687327
17687328
17687329
17687330
101009302
101009304
101009306
101009310
101009314
101009320
101009322
101009324
101009326
101009328
101009330
6030255
6030256
6030257
6030258
6030259
6030260
6030261
6030262
6030263
6030264
6030265
6030266
6030267
6030268
6030269
6030270
6030271
6030272
108733454
108733456
108733458
108733460
108733462
108733464
108733466
108733468
108733470
108733472
108733474
82152664
82152666
82152668
82152670
82152672
82152674
82152676
82152678
82152680
82152682
82152684
83155716
83155718
83155720
83155722
83155724
83155726
83155728
83155730
83155732
83155734
83155736
83155738
83155740
4883484
4883485
4883486
4883487
4883488
4883489
4883490
4883491
4883492
4883493
4883494
4883495
4883496
4883497
4883498
4883499
4883500
4883501
4883502
4883503
4883504
4883505
4883506
4883507
4883515
4883517
4883520
4883521
4883522
4883525
4883527
4883528
4883529
4883530
4883531
4883532
4883533
4883534
4883535
4883536
11562796
11562797
11562798
11562799
11562800
11562801
11562802
11562803
11562804
11562805
11562806
4952879
4952880
4952881
4952882
4952883
4952884
20636151
20636161
20636171
20636181
20636191
20636201
20636211
20636221
20636231
20636241
20636251
3506700
3506701
3506702
3506703
3506704
3506705
3506706
3506707
3506708
3506709
3506710
3506711
3506712
3506713
3506714
3107300
3107301
3107302
3107303
3107304
3107305
3107306
3107307
3107308
3107309
3107310
3107311
3107312
3107313
85046292
85046294
85046296
85046298
85046300
85046302
85046304
85046306
85046308
85046310
85046312
7193834
7193835
7193836
7193837
7193838
7193839
7193840
7193841
7193842
7193843
71512224
71512227
71512228
71512230
71512232
71512234
71512236
71512238
71512240
71512242
71512243
71512244
71512245
75299638
75299639
75299640
75299641
75299642
75299643
75299644
75299645
75299646
75299647
75299648
75299649
75299650
75299651
75299652
75299653
668276
668279
668281
668283
668284
668286
668288
668290
668292
668295
668297
668299
2607667
2607668
2607669
2607670
2607671
2607672
2607673
2607674
2607675
2607676
45151561
45151571
45151581
45151591
45151601
45151611
45151621
45151631
45151641
73615284
73615285
73615286
73615287
73615288
73615289
73615290
73615291
73615292
73615293
73615294
73615295
73615296
73615297
73615298
73615299
73615300
73615301
73615302
73615303
45151651
45151661
45151671
45151681
45151691
45151701
45151711
45151721
45151731
45151741
66137814
66137815
66137816
66137817
66137818
66137819
66137820
66137821
66137822
66137823
66137824
66137825
34996521
34996531
34996541
34996551
34996561
34996571
34996581
34996591
34996691
34996701
34996711
34996721
34996731
34996741
34996751
34996761
34996771
19784691
20632051
19784701
19784711
19784721
20632061
19784731
20632071
79231111
19784741
19784751
19784761
19784771
19784781
19784791
79231113
19784801
17605153
17605154
17605155
17605156
17605157
17605158
17605159
17605160
17605161
17605162
17605163
17605164
17605165
17605166
17605167
17605168
17605169
17605170
17605171
17605172
17605173
17599490
17599491
17599492
17599493
17599494
17599495
17599496
17599497
17599498
17599499
17599500
17599501
17599502
68153260
68153261
68153262
68153263
68153264
68153265
68153266
68153267
68153268
68153269
34972811
34972821
34972831
34972841
34972851
34972861
34972871
34972881
34972891
34972901
34972911
4262733
4262734
4262735
4262736
4262737
11013368
11013369
11013370
11013371
11013372
11013373
11013374
11013375
11013376
11013377
11013378
11013379
11013380
11013381
111969048
111969050
111969052
111969054
111969056
111969058
111969060
111969062
111969064
111969066
111969068
111969070
111969072
111969074
111969076
111969078
111969080
111969082
111969084
111969086
111969088
111969090
111969092
111969094
111969096
111969098
3095118
3095119
3095120
3095121
3095122
3095123
3095124
3095125
3095126
3150977
3150978
3150979
3150980
3150981
3150982
3150983
3110848
3110849
3110850
3110851
3110852
3110853
3110854
3110855
3110856
5936379
5936380
5936381
5936382
5936383
5936384
5936385
5936386
5936387
88003131
88003133
88003135
88003137
88003139
88003141
88003143
88003145
88003147
88003149
88003151
88003153
88003155
88003157
88003159
78670917
78670918
78670919
78670920
78670921
78670922
78670923
78670924
78670925
78670926
78670927
78670928
78670929
78670930
78670931
78670932
78670933
111624866
111624868
111624870
111624872
111624874
111624876
111624878
111624880
111624882
111624884
95319204
95319206
95319208
95319210
95319212
95319214
95319216
95319218
95319220
95319222
95319224
95319226
95319228
95319230
95319232
70785568
70785569
70785570
70785571
70785572
70785573
70785574
70785575
1655580
1655583
1655589
1655592
1655595
1655599
1655603
1655610
1655615
1655617
1655622
1655626
101753745
101753747
101753749
101753751
101753753
101753755
101753757
101753759
101753761
101753763
101753765
101753767
138545007
138545009
138545011
138545013
138545015
138545017
138545019
138545021
138545023
138545025
138545027
138545029
138545031
138545033
138545035
138545037
138545039
138545041
62304724
62304725
62304726
62304727
62304728
62304729
62304730
62304731
62304732
62304733
62304734
62304735
75623976
75623977
75623978
75623979
75623980
75623981
75623982
75623983
75623984
75623985
75623986
75623987
75623988
62304799
62304800
62304801
62304802
62304803
62304804
62304805
62304806
62304807
62304808
62304809
62304810
62304811
62005360
62005361
62005362
62005363
62005364
62005365
62005366
62005367
62005368
62005369
62005370
62005371
62005372
62005373
62005374
62005375
17128721
17128722
17128723
17128724
17128725
17128726
17128727
17128728
17128729
17128730
17128731
17128732
17128733
17128734
17128735
17128736
943350
943353
943356
943358
943361
943363
943364
943367
943370
943373
943376
943378
82783058
82783060
82783062
82783064
82783066
82783068
82783070
82783072
82783074
82783076
82783078
82783080
75572708
75572709
75572710
75572711
75572712
75572713
75572714
75572715
75572716
75572717
75572718
75572719
75572720
75572721
75572722
75572723
75572724
75572725
75572726
75572727
75572728
75572729
66045130
66045131
66045132
66045133
66045134
66045135
66045136
66045137
66045138
66045139
66045140
66045141
66045142
66045143
66045144
66045145
66045146
66045147
66045148
66045149
66045150
66045151
67157103
67157104
67157105
67157106
67157107
67157108
67157109
67157110
67157111
67157112
126206295
126206297
126206299
126206301
126206303
126206305
126206307
126013715
126013717
126013719
126013721
126013723
126013725
126013727
126013729
126013731
126013733
126013735
126013737
126013739
126013741
126013743
125988865
125988867
125988869
125988871
125988873
125988875
125988877
125988879
125988881
125988883
125988885
125988887
125988889
125988891
125988893
701353
701358
701365
701369
701372
701376
701381
701385
701389
73914932
73914933
73914934
73914935
73914936
73914937
73914938
73914939
17683363
17683364
17683365
17683366
17683367
17683368
17683369
17683370
17683371
17683372
17683373
17683374
17607578
17607579
17607580
17607581
17607582
17607583
17607584
17607585
17607586
17607587
17607588
17607589
17607590
17607591
17607592
17607593
81086492
81086494
81086496
81086498
81086500
81086502
81086504
81086506
81086508
81086510
81086512
81086514
81086516
81086518
81086520
81086522
81086524
81086526
81086528
81086530
17686043
17686044
17686045
17686046
17686047
17686048
17686049
17686050
17686051
17686052
17686053
3129785
3129786
3129787
3129788
3129789
3129790
3129791
3129792
3129793
3129794
8989066
8989067
8989068
8989069
8989070
8989071
8989072
8989073
8989074
8989075
8989076
8989077
13233055
13233056
13233057
13233319
13233266
13233058
13233059
13233060
13233061
13233062
13233063
13233320
13233064
13233065
69018856
69018857
69018858
69018859
69018860
69018861
69018862
69018863
69018864
69018865
69018866
15422784
15422785
15422786
15422787
15422788
15422789
15422790
15422791
15586296
15586286
15586310
15586313
15586317
15586311
15586288
15586302
15586298
15586294
116876970
116876972
116876974
116876976
116876978
116876980
116876982
116876984
116876986
116876988
116876990
116876992
8146602
8146603
7011525
7011523
7011524
7011526
7011529
7011528
7011527
13211906
13211783
13211742
13211910
1601855
1601858
1601859
1601860
1601862
1601864
1601866
1601867
1601869
1601871
1601874
1601877
1601879
1601881
1601883
1601885
1601886
1601887
1601890
1601891
1601893
1601895
1601897
1601900
1601902
1601905
1601906
1601908
1601910
1601911
1601913
1601916
1601917
1601919
1601920
1601922
1601924
1601927
1601928
1601931
1601933
1601934
1601935
102618180
102618182
102618184
102618186
102618188
102618190
102618192
102618194
102618196
102618198
102618200
87874725
87874727
87874729
87874731
87874733
87874735
87874737
87874739
87874741
87874743
92476596
92476598
92476600
92476602
92476604
92476606
92476608
92476610
92476612
92476614
92476616
92476618
14636097
14636098
14636099
14636100
14636101
14636102
14636103
14636104
14636105
14636106
14636107
14636108
14636109
14636110
14636111
14636112
15347640
15347643
15347646
15347681
15347649
15347653
15347658
15347659
15347676
15347660
76844598
76844599
76844600
76844601
76844602
76844603
76844604
76844605
76844606
76844607
76844608
76844609
830815
830828
830103
830212
830104
830703
830853
830593
581903
581904
581923
581906
581907
581909
581910
581925
581912
581914
581916
581926
581919
581920
581922
581928
98540072
98540074
98540076
98540078
98540080
98540082
98540084
98540086
98540088
98540090
98540092
128070155
128070157
128070159
128070161
128070163
128070165
75877935
75877936
75877937
75877938
75877939
75877940
75877941
75877942
75877943
76844652
76844653
76844654
76844655
76844656
76844657
76844658
76844659
76844660
76844661
76844662
76844663
76844664
76844665
76844666
62734673
62735475
62732545
62735476
62732546
62735658
62732851
62732559
62732557
62732852
62732547
62732549
62732548
62735477
62732558
76844621
76844622
76844623
76844624
76844625
76844626
76844627
76844628
76844629
76844630
76844631
76844632
76844633
76844634
76844635
76844636
13148327
13148328
13148329
13148330
13148331
13148332
13148333
13148334
13148335
13148336
13148337
13148338
13148339
13148340
64910964
64910965
64910966
64910967
64910968
64910969
64910970
64910971
64910972
64910973
64910974
64910975
74101351
74101352
74101353
74101354
74101355
74101356
74101357
74101358
74101359
4084752
4084753
4084754
4084755
4084756
4084757
4084758
4084759
4084760
4084761
4084762
4084763
3859200
3859201
3859202
3859203
3859204
3859205
3859206
3859207
3859208
3859209
3859210
3859211
3859212
75572789
75572790
75572791
75572792
75572793
75572794
75572795
75572796
75572797
75572798
75572799
75572800
615389
615390
615392
615394
615396
615398
615401
615404
615406
19881341
19881351
19881361
19881371
19881381
19881391
19881401
19881411
19881421
19881431
19881441
19881451
14639359
14639360
14639361
14639362
14639363
14639364
14639365
14639366
14639367
14639368
14639369
14639370
14639348
14639349
14639350
14639351
14639352
14639353
14639354
14639355
14639356
14639357
14639358
123288412
123288414
123288416
123288418
123288420
123288422
123288424
123288426
123288428
123288430
123288432
123288434
123288436
123288438
123288440
3751261
3751262
3751263
3751264
3751265
3751266
3751267
3751268
3751269
3751270
3751271
77096687
77096688
77096689
77096690
77096691
77096692
77096693
77096694
77096695
77096696
3826701
3826702
3826703
3826704
3826705
3826706
3826707
3826708
3826709
3826710
3826711
135376822
135376824
135376826
135376828
135376830
135376832
135376834
135376836
135376728
135376730
135376732
135376734
135376736
135376738
135376740
135376742
135376744
135376746
135376748
135376750
108569560
108569562
108569564
108569566
108569568
108569570
108569572
108569574
108569576
108569578
108569580
108569582
108569584
108569586
61243193
61243194
61243195
61243196
61243197
61243198
17128360
17128361
17128362
17128363
17128364
17128365
17128366
17128367
17128368
17128369
17128370
17126005
17126006
17126007
17126008
17126009
17126010
17126011
17126012
17126013
17126014
17126015
17126016
107749890
107749892
107749894
107749896
107749898
107749900
107749902
107749904
107749906
107749908
107749910
131305580
131305586
131305594
131305600
131305606
131305612
131305620
131305632
131305642
131305652
17682524
17682525
17682526
17682527
17682528
17682529
17682530
17682531
17682532
17682533
17684133
17684134
17684135
17684136
17684137
17684138
17684139
17684140
17684141
17684142
17684143
18018050
18018051
18018052
18018053
18018054
18018055
18018056
18018057
18018058
18018059
1128547
1128548
1128549
1128550
1128551
1128552
1128553
1128554
987018
986207
986265
986269
986271
986275
987019
986276
986281
986284
13163173
13163174
13163175
14885202
13163191
13163176
13163177
986287
17684429
17684430
17684431
17684432
17684433
17684434
17684435
17684436
17600160
17600161
17600162
17600163
17600164
17600165
81360760
81360762
81360766
81360770
81360772
81360774
81360778
81360782
81360784
81360786
81360704
81360706
81360708
81360710
75624305
75624306
75624307
75624308
75624309
75624310
75624311
75624312
75624313
75624314
75624315
75624316
75624317
75624318
75624319
75624320
75624321
75624322
75624323
75624324
75624325
75624326
75624327
75624328
75624329
17613031
17613032
17613033
17613034
17613035
17613036
17613037
17613038
17613039
17613040
17613041
17613042
17613043
17613044
17442927
17442928
17442929
17442930
17442931
17442932
17442933
17442934
17442935
17442936
17442937
17442938
17442939
17442940
17442941
17442942
17442943
17442944
17442945
17442946
17442947
17442948
17442949
17442950
17442951
17442953
17442954
17442955
17442956
17442957
17442958
17442959
17442960
17442961
17442962
17442963
17442964
17442965
17442966
17442967
11523524
11523525
11523526
11523527
11523528
11523529
11523530
11523531
11523532
11523533
11523534
11489436
11489437
11489438
11489439
11489440
11489441
11489442
11489443
11489444
11489445
11489446
11489447
11489448
11489449
10961067
10961068
10961069
10961070
10961071
10961072
10961073
10961074
10961075
10961076
10961077
10961078
10961079
10961080
10961081
10961082
10961083
10961084
10961085
10961086
10961087
10961088
10961089
10961090
10961091
10961092
10961093
10961094
10961095
10961096
10961097
10961098
10961099
10961100
10961101
10961102
10961103
10961104
10961105
10961106
10961107
10961108
10961109
10961110
10961111
10961112
10961113
666786
666788
666790
666792
666793
666795
666797
666798
666800
666802
666803
666804
666806
666648
666650
666652
666653
666654
666656
666658
666659
666661
666662
666664
666666
666668
666669
666671
666672
666675
759320
759329
759336
759347
759355
759364
759371
759380
759390
101912561
101912563
101912565
101912567
101912569
101912571
101912573
101912575
101912577
101912579
101912581
101912583
101912585
134900664
134900666
134900668
134900670
134900672
134900674
134900676
134900678
134900680
134900682
669344
669346
669348
669350
669351
669354
669355
669358
669359
669360
669363
669364
669367
669368
669370
669371
669372
669374
669376
669378
669379
669381
669383
669384
669386
669388
669390
3603696
3603697
3603698
3603699
3603700
3603701
3603702
3603703
3603704
3603705
722589
722595
722600
722604
722610
722615
722620
722625
722631
722635
722642
722646
722649
722653
722656
722662
963035
963038
963039
967465
963042
962164
963044
963045
963047
963049
963052
962157
967466
963054
962160
963055
963057
962162
963058
967468
963060
967470
963062
963064
84276225
84276227
84276229
84276231
84276233
84276235
93383120
93383122
93383124
93383126
93383128
93383130
93383132
119549112
119549114
119549116
119549118
119549120
119549122
119549124
1045681
1043227
1047342
1043229
1047350
1047354
1043231
1047361
1043233
1043236
533016
533029
533017
533018
533019
533030
582786
533020
533021
533031
533022
533023
533024
533032
533025
533026
533027
533028
1043199
1043201
1043203
1047315
1043205
1043207
1043208
1043210
1043211
1045734
1043213
1047321
1047300
1044231
1044234
1047306
1043182
1043186
1043191
1047309
1043197
1043238
1047366
1043241
1043242
1043244
1043246
1047371
1043249
1043251
1043252
1043255
6581084
6581085
6581086
6581088
6581090
6581093
6581095
6581098
6581101
6581103
6581106
6581108
6581111
6581114
75569803
75569804
75569805
75569806
75569807
75569808
75569809
75569810
75569811
75569812
75569813
75569814
75569815
75569816
75569817
75569818
75569819
75569820
75569821
75569822
75569823
105280990
105280992
105280994
105280996
105280998
105281000
105281002
105281004
105281006
105281008
105281010
105281012
105281806
105281808
105281810
105281812
105281814
105281816
105281818
105281820
105281822
105281824
105281826
105281828
105281108
105281110
105281112
105281114
105281116
105281118
105281120
105281122
105281124
105281126
105281128
105280954
105280956
105280958
105280960
105280962
105280964
105280966
105280968
105280970
105280972
105280974
105280976
105280978
105280980
105280982
105280984
105280986
105280988
3309995
3309996
3309997
3309998
3309999
3310000
3310001
3310002
3310003
3310004
3310005
3310006
3310007
3310008
3310009
3310010
3310011
3310012
3310013
3310014
3310015
3310016
3310017
3310018
3310019
3310020
3310021
3310022
3310023
3310024
116913984
116913986
116913988
116913990
116913992
116913994
116914086
116914088
116914090
116914092
116914094
116914096
116914098
116914100
116914102
116914104
116914106
116914108
116914110
116914112
116914114
116914116
116914118
116914120
116914122
116914124
116914126
116914128
116914130
116914132
116914134
116914136
116914036
116914038
116914040
116914042
116914044
934777
934779
934781
934782
934784
934785
934788
934789
934791
934792
934794
934796
934797
934799
946977
946979
946981
946984
946986
946987
946988
946991
945378
945380
945382
945385
945389
945391
945394
945396
945399
945402
945404
945407
945411
945414
945417
937935
937937
937940
937941
937944
937948
937951
937952
937954
937955
937957
937960
937962
936729
936731
936733
936736
936739
936740
936743
936745
936748
936751
936752
936754
936756
936759
936762
17603295
17603296
17603297
17603298
17603299
17603300
17603301
17603302
17603303
17603304
17603305
17603306
2468514
2468515
2468516
2468517
2468518
2468531
2468519
2468520
2468521
2468522
2468523
2468524
2468525
2468532
2468526
2468527
2468528
2468529
2468530
2468226
2468227
2468228
2468229
2468258
2468230
2468231
2468232
2468233
2468259
2468234
2468235
65927605
65927606
65927607
65927608
17684069
20669791
17684070
17684071
20669801
17684072
17684073
17684074
17684075
17684076
20669811
17685499
17685500
17685501
17685502
17685503
17685504
17685505
17685506
17685507
29379281
29379291
29379301
29379311
29379321
29379331
29379341
29379351
29379361
29379371
29379381
29379391
29379401
29379411
29379421
29379431
29379441
29379451
29379461
29379471
29379481
29379491
29379501
19783831
19783841
19783851
19783861
19783871
19783881
19783891
19783901
19783911
19783921
19783931
19783941
19783951
19783961
19783971
17946442
17946443
17946444
17946445
17946446
17946447
17946448
17946449
17946450
17946451
17946452
17946453
17946454
2794646
2794647
2794648
2794649
2794650
2794651
2794652
2794653
2794654
90571437
90571439
90571441
90571443
90571445
90571447
90571449
90571451
90571453
90571455
90571457
90571459
90571461
90571463
90571465
90571467
90571469
90571471
90571473
90571475
90571477
90571479
90571481
90571483
90571485
90571487
90571489
90571491
90571493
90571495
90571497
90571499
90571501
90571503
90571505
90571507
90571509
90571511
18051285
18051286
18051287
18051288
18051289
18051290
18051291
18051292
18051293
18051294
18051295
18051296
18051297
18051298
18051299
18051300
14635841
14635842
14635843
14635844
14635845
14635846
14635847
14635848
14635849
14635850
14635851
14635852
18052831
18052832
18052833
18052834
18052835
18052836
18052837
18052838
18052839
18052840
18052841
18052842
18058914
18058915
18058916
18058917
18058918
18058919
18058920
18058921
18058922
18058923
18058924
18058925
18084587
18084588
18084589
18084590
18084591
18084592
18084593
18084594
18084595
18084596
18084597
18084598
66480887
66480888
66480889
66480890
66480891
66480892
66480893
66480894
66480895
66480896
66480897
66480898
66480899
66480900
66480901
66480902
66480903
66480904
787602
787612
787621
787629
787636
787645
787653
787659
787665
787674
787681
787688
3152582
3152583
3152584
3152585
3152586
3152587
4208878
3152588
3152589
3152590
3152591
3152592
3152593
3152594
3152595
3152596
3152597
3152598
122045260
122045262
122045264
122045266
122045268
122045270
122045272
122045274
122045276
122045278
122045280
122045282
122045284
122045286
122045288
122045290
122045292
122045294
17940623
17940624
17940625
17940626
17940627
17940628
17940629
17940630
17940631
17940632
17940633
17940634
138540335
138540337
138540339
138540341
138540343
138540345
138540347
138540349
138540351
138540353
138540355
138540275
138540277
138540279
138540281
138540283
138540285
138540287
138540289
138540291
138540293
138540295
138540297
138540299
138540301
138546803
138546805
138546807
138546809
138546811
138546813
138546815
138546817
138546819
138546821
138547587
138547589
138547591
138547593
138547595
138547597
138547599
138547601
138547603
138547605
138547607
138539971
138539973
138539975
138539977
138539979
138539981
138539983
138539985
138539987
138539989
138539991
138539993
138547413
138547415
138547417
138547419
138547421
138547423
138547425
138547427
138547429
138547431
138547433
138547435
138544257
138544259
138544261
138544263
138544265
138544267
138544269
138544271
138544273
138544275
138544277
138544279
5094603
5094604
5094605
5094606
5094607
5094608
5094609
5094610
5094611
5094612
5094613
5094614
5094615
5094616
5094617
5094618
5094619
5094620
5094621
5094622
5094623
5094624
2713218
2713219
2713220
2713221
2713222
2713223
2713224
2713225
2713226
2713227
2713228
2713229
2713230
2713231
2713232
2713233
112891636
112891638
112891640
112891642
112891644
112891646
112891648
112891650
112891652
112891654
112891656
112891658
112891660
112891662
112891664
112891666
112891668
112891670
112891672
112891674
112891676
674446
674448
674450
674453
674456
674458
674461
674463
674466
674469
674472
674474
674477
674479
674481
674483
674486
4033728
4033729
4033730
4033731
4033732
4033733
4033734
4033735
4033736
4033737
4033738
4033739
4314219
4314220
4314221
4314222
4314223
4314224
4314225
4314226
4314227
4314228
4314229
4314230
4314231
77504874
77504875
77504876
77504877
77504878
77504879
77504880
77504881
77504882
77504883
942270
942272
942276
942279
942282
942285
942288
942291
942297
77504244
77504245
77504246
77504247
77504248
77504249
115854510
115854512
115854514
115854516
115854518
115854520
115854522
115854524
115854526
115854528
3134807
3134808
3134809
3134810
3134811
3134812
3134813
3134814
17967903
17967904
17967905
17967906
17967907
17967908
17967909
17967910
17967911
17967912
17967913
17967914
104623034
104623036
104623038
104623040
104623042
104623044
104623046
104623048
104623050
104623052
104672854
104672856
104672858
104672860
104672862
104672864
104672866
104672868
104672870
104672872
104672874
63489504
63489505
63489506
63489507
63489508
63489509
63489510
63489511
63489512
63489513
63489514
63489515
63489516
63489517
63489518
11126744
11126745
11126746
11126747
11126748
11126749
11126750
11126751
11126752
11126753
11126754
11126755
66777493
66777494
66777495
66777496
66777497
66777498
66777499
66777501
66777502
66777504
66777507
121189292
121189294
121189296
121189298
121189300
121189302
121189304
121189306
121189308
121189310
121189312
121189314
121189316
121189318
121189320
121189322
14639863
14639864
14639865
14639866
14639867
14639868
14639869
14639870
14639871
14639872
14639873
14639874
124246556
124246558
124246560
124246562
124246564
124246566
124246568
124246570
124246572
124246574
124246576
124246578
124246580
124246582
124246584
124246586
124246588
124246590
124246592
124246594
124246596
124246598
124246600
124246602
124246604
124246606
124246608
124246610
124246612
124246614
124246616
68016249
68016250
68016251
68016252
68016253
68016254
68016255
68016256
68016257
68016258
15275144
15275057
15275551
15275524
15275011
15275241
15275397
15274868
15275088
15275365
15275280
15275062
88299247
88299249
88299251
88299253
88299255
88299257
88299259
88299261
88299263
88299265
88299267
88299269
88299271
88299273
88299275
88299277
88299279
88299281
88299283
88299285
88872713
88872715
88872717
88872719
88872721
88872723
88872725
88872727
88872729
88872731
88872733
88872735
88872737
88872739
125953469
125953471
125953473
125953475
125953477
125953479
67918919
67918920
67918921
67918922
67918923
67918924
67918925
67918926
67918927
67918928
67918929
67918930
67918931
67918907
67918908
67918909
67918910
67918911
67918912
67918913
67918914
67918915
67918916
67918917
67918918
549576
549577
549578
549579
549580
534643
549581
549582
549583
549584
549585
549586
549587
549588
549589
549590
1015574
1013483
1013992
1015304
1014909
1013989
1014913
1013486
1013205
1013608
1013219
1013207
17986372
17986373
17986374
17986375
17986376
17986377
17986378
17986379
17986380
17986381
17986382
17986383
104234528
104234530
104234532
104234534
104234536
104234538
104234540
104234542
104234544
104234546
104234548
104234550
104234552
104234554
104234556
104234558
104234560
104234562
104234564
104234566
104234568
104234570
104234572
104234574
104234576
104234578
104234580
104234582
104234584
104234586
104234588
104234590
104234592
104234594
104233806
104233808
104233810
104233812
104233814
104233816
104233818
104233820
104233822
104233824
104233826
17943213
17943214
17943215
17943216
17943217
17943218
17943219
17943220
17943221
17943222
17943223
5620313
5620314
5620315
5620316
5620317
5620318
5620319
5620320
5620321
5620322
5620323
5620324
5620325
5620326
19786331
19786341
19786351
19786361
19786371
19786381
19786391
19786401
19786411
19786421
19786431
19786441
19786451
19786461
1647101
1647105
1647110
1647117
1647123
1647127
1647133
1647137
1647143
1647149
3164155
3164156
3164157
3164158
3164159
3164160
17128511
17128512
17128513
17128514
17128515
17128516
17128517
17128518
17128519
17128520
17128521
17128522
13570400
13570401
13570402
13570403
13570404
13570405
13570406
13570407
13570408
13570409
13570410
16348177
16348180
16348182
16348184
16348186
16348188
16348190
16348192
16348194
16348197
16348200
16348202
16348204
105098982
105098984
105098986
105098988
105098990
105098992
105098994
105098996
105098998
105099000
105099002
105099004
6641063
6641064
6641065
6641066
6641067
6641068
6641069
6641070
6641071
6641072
123457114
123457116
123457118
123457120
123457122
123457124
123457126
123457128
123457130
123457132
123457134
123457136
17609972
17609973
17609974
17609975
17609976
17609977
17609978
17609979
17609980
17691307
17691308
17691309
17691310
17691311
17691312
17691313
17691314
17691315
17691316
17691317
4940064
4940066
4940068
4940069
4940070
4940072
4940074
4940075
4940076
4940077
4940078
67415081
67415082
67415083
67415084
67415085
67415086
67415087
67415088
67415089
67415090
67415091
67415092
67415093
67415094
67415095
67415096
96861530
96861532
96861534
96861536
96861538
96861540
96861542
96861544
96861546
96861548
96861550
62743211
62743212
62743213
62743214
62743215
62743216
62743217
62743218
62743219
62743220
62743221
62743222
62743223
62743224
62743225
62743226
62743227
62743228
62743229
62743230
62743231
62743232
14647475
14647476
14647477
14647478
14647479
14647480
14647481
14647482
14647483
14647484
14647485
14647486
131300702
131300706
131300710
131300714
131300718
131300722
131300726
131300730
131300734
131300740
131300744
131300746
131300748
131300750
131300752
131300754
131300756
75192944
75192945
75192946
75192948
75192949
75192951
75192953
75192955
75192957
75192959
75192960
45339501
45339511
45339521
45339531
45339541
45339551
45339561
45339571
45339581
45339591
45339601
3613148
3613149
3613150
3613151
3613152
3613153
3613154
3613155
3613156
3613157
3613158
17935260
17935261
17935262
17935263
17935264
17935265
17935266
17935267
17935268
17935269
17935270
17935271
17935272
17935273
17935274
18018141
18018142
18018143
18018144
18018145
18018146
6587028
6587029
6587030
6587031
6587032
6587033
6587034
6587035
6587036
6587037
6587038
6587039
6587040
6587041
6587042
5868505
5868506
5868507
5868508
5868509
5868510
5868511
5868512
5868513
5868514
5868515
5868516
5868517
5868518
5868519
5093669
5093670
5093671
5093672
5093673
5093674
5093675
5093676
5093677
5093678
5093679
5093680
14635979
14635980
14635981
14635982
14635983
14635984
14635985
14635986
14635987
14635988
14635989
14635990
60868960
60868961
60868962
60868963
60868964
60868965
60868966
60868967
60868968
60868969
60868970
60868971
18084361
18084362
18084363
18084364
18084365
18084366
18084367
18084368
18084369
18084370
89260709
89260711
89260713
89260715
89260717
89260719
89260721
89260723
89260725
89260727
89260729
89260731
89260733
89260735
89260737
89260739
89260741
89260743
89260745
89260747
89260749
89260751
89260753
89260755
89260757
89260759
89260761
89260763
89260765
89260767
89260769
89260771
89260773
89260775
89260777
89260779
89260781
89260783
89260785
89260787
89260789
89260791
89260793
89260795
89260797
89260799
89260801
89260803
89260805
89260807
89260809
89260811
89260813
89260815
89260817
89260819
89260821
89260823
89260825
718292
718297
718303
718312
718319
718323
718327
718336
949166
949167
949169
949170
949175
949176
949179
949181
949183
949184
949186
949189
3124868
3124869
3124870
3124871
3124872
3124873
3124874
3124875
3124876
3124877
3124878
3124879
85377406
85377408
85377410
85377412
85377414
85377416
85377418
85377420
85377422
85377424
85377426
85377428
85377430
85377432
85377434
85377436
85377438
85377440
3359960
3359961
3359962
3359963
3359964
3359965
3359966
3359967
3359968
3359969
3359970
3359971
3359972
3359973
3359974
3359975
3359976
3359977
3359978
3359979
92400962
92400964
92400966
92400968
92400970
92400972
92400974
92400976
92400978
92400980
92400982
92400984
92400986
92400988
92400990
92400992
92400994
3166698
3166699
3166700
3166701
3166702
3166703
3166704
3166705
3166706
3166707
3166708
3166709
3166710
3166711
3166712
3166713
3166714
3166715
3166716
3166717
3166718
3102799
3102800
3102801
3102802
3102803
3102804
3102805
3102806
3102807
3102808
3102809
3102810
3102811
114778848
114778850
114778852
114778854
114778856
114778858
114778860
114778862
114778864
114778866
114778868
114778870
114778872
114778874
114778876
114778878
114778880
114778910
114778912
114778914
114778916
114778918
114778920
114778922
114778924
114778926
114778928
114778930
114778932
114778934
114778936
114778182
114778184
114778186
114778188
114778190
114778192
114778194
114778196
114778198
114778200
114778202
114778204
114778206
114778208
114778266
114778268
114778270
114778272
114778274
114778276
114778278
114778280
114778282
114778284
114778286
114778288
114778380
114778382
114778384
114778386
114778388
114778390
114778392
114778394
114778396
114778398
114778400
140876011
140876013
140876015
140876017
140876019
140876021
140876023
140876025
140876027
140876029
140876031
140876033
140876035
140876037
114778938
114778940
114778942
114778944
114778946
114778948
114778950
114778952
114778954
114778956
114778958
114778960
114778962
114778964
114778882
114778884
114778886
114778888
114778890
114778892
114778894
114778896
114778898
114778900
114778902
114778904
114778906
114778908
114779186
114779188
114779190
114779192
114779194
114779196
114779198
114779200
114779202
114779204
114779206
114779208
114779210
114779076
114779078
114779080
114779082
114779084
114779086
114779088
114779090
114779092
114779094
114779096
114779098
114779100
114779102
114779104
114779106
114779108
114779110
114779112
114779114
114779116
114779118
114779120
114779122
114779124
114779126
114779128
114779130
114779132
114779134
3253461
3253462
3253463
3253464
3253465
3253466
3253467
3253468
3253469
3253470
3253471
3253472
125978707
125978709
125978711
125978713
125978715
125978717
125978719
125978721
125978723
125978725
125978727
125989141
125989143
125989145
125989147
125989149
125989151
125989153
125989155
125989157
125989159
125989161
125989163
125989165
125989167
125989169
125988005
125988007
125988009
125988011
125988013
125988015
125988017
125988019
125988021
125988023
125988025
125988027
126047203
126047205
126047207
126047209
126047211
126047213
126047215
126047217
126047219
126047221
62743731
62743732
62743733
62743734
62743735
62743736
62743737
62743738
62743739
62743740
62743741
62743718
62743719
62743720
62743721
62743722
62743723
62743724
62743725
62743726
62743727
62743728
62743729
62743730
936015
936018
936021
936023
936025
936028
936029
936031
936034
936036
936038
936041
6490170
6490171
6490172
6490173
6490174
6490175
6490176
6490177
6490178
69962762
69962763
69962764
69962765
69962766
69962767
69962768
69962769
69962770
69962771
69962772
69962773
69924573
69924574
69924576
69924577
69924579
69924581
69924582
69924584
69924586
69924588
69924599
69924600
69924601
69924602
69924603
69924604
69924605
69924606
69924607
69924608
69924609
69924610
69924611
69924612
69924613
69924614
69924615
69924616
69924617
69984805
69984806
69984807
69984808
69984809
69984810
69984811
69984812
69984813
69984814
69984815
69984816
69984817
69984818
63395110
63395111
63395112
63395113
63395114
63395115
63395116
63395117
63395118
63395119
5735990
5735991
5735992
5735993
5735994
5735995
5735996
5736000
5736002
5736005
5736007
5736013
14637324
14637325
14637326
14637327
14637328
14637329
14637330
14637331
14637332
14637333
14637334
14637335
14637336
14637337
14637338
14637339
14637340
14637341
14637342
14637343
14637344
14637345
14637346
14637347
14637348
14637349
14637350
14637351
14637352
14637353
14637354
14637355
14637356
14637357
14637358
14637359
14637360
14637361
14637362
14637363
14637364
14637365
14637366
14637367
14638943
14638944
14638945
14638946
14638947
14638948
14638949
14638950
14618864
14618865
14618866
14618867
14618868
14618869
14618870
14618871
14618872
14618873
14618874
14618875
14618876
14618877
14618878
14618879
14618880
14618881
14618882
14618883
14618884
14618885
14618886
14618887
14618888
14618889
14618890
14618891
14618892
14618893
14618894
14618895
14618896
14618897
14618898
14618899
14639554
14639555
14639556
14639557
14639558
14639559
14639560
14639561
14639562
14639563
14611434
14611435
14611436
14611437
14611438
14611439
14611440
14611441
14611442
14611443
14611444
14611445
30514231
30514241
30514251
30514261
30514271
30514281
30514291
30514301
30514311
30514321
30511561
30511571
30511581
30511591
30511601
30511611
30511621
30511631
30511641
30511651
30511661
30517331
30517341
30517351
30517361
30517371
30517381
30517391
30517401
30517411
30517421
30517431
7223371
7223372
7223373
7223374
7223375
7223376
7223377
7223378
7223379
7223380
7223381
7223382
7223383
7223384
7223385
7223386
7223387
7223388
7223389
7223390
7223391
7223392
7223393
7223394
7223395
66740632
66740633
66740634
66740635
66740636
66740637
66740638
66740639
66740640
66740641
75799735
75799736
75799737
75799738
75799739
75799740
75799741
75799742
75799743
105427082
105427084
105427086
105427088
105427090
105427092
105427094
105427096
105427098
105427100
105427102
105427104
105427106
105427108
105427110
105427112
2658843
2658844
2658845
2658846
2658847
2658848
2658849
2658850
2658851
2658852
2658853
2658854
2658855
2607758
2607759
2607760
2607761
2607762
2607763
2607764
2607765
2607766
2607767
2607768
2607769
2607770
2607771
2657706
2657707
2657708
2657709
2657710
2657711
2657712
2657713
2657714
2657715
2657716
2657826
2657827
2657828
2657829
2657830
2657831
2657832
2657833
2657834
2657835
2657836
725408
725414
725419
725425
725429
725435
725440
725445
725451
725456
725461
725464
725468
725474
725479
125988119
125988121
125988123
125988125
125988127
125988129
125988131
125988133
125988135
125988137
125988139
125988141
125988143
125988145
76297660
76297661
76297662
76297663
76297664
76297665
76297666
76297667
76297668
76297669
76297670
76297671
76297672
76297673
76297674
76297675
76297676
76297677
76297678
76297679
76297680
76297681
76297682
76297683
76297684
76297685
76297686
76297687
76297688
76297689
76297690
76297691
76297692
76297693
66137814
66137815
66137816
66137817
66137818
66137819
66137820
66137821
66137822
66137823
66137824
66137825
131308472
131308476
131308482
131308488
131308496
131308502
131308506
131308512
131308516
131308520
131308522
131308526
131308532
131308538
131308544
131308548
131308554
131308560
131308568
131308576
131308582
75570608
75570609
75570610
75570611
75570612
75570613
75570614
75570615
75570616
75570617
75570618
17127208
17127209
17127210
17127211
17127212
17127213
17127214
17127215
17127216
17127217
17127218
17127219
17127220
17127221
17127222
17127223
17127224
17127225
17127226
17127227
17127228
17127229
17127230
17127231
17127232
17127233
17127234
17127235
17127236
17127237
17127238
17127239
17127240
17127241
17127242
17127243
17127244
17127245
17127246
17127247
17127248
17127249
17127250
17127251
17127252
17127253
17127254
17127255
17127256
17127257
17127258
17127259
17127260
17127261
17127262
17127263
17127264
17127265
17127266
17127267
17127268
17127269
17127270
17127271
17127272
17127273
17127274
17127275
17127276
131295348
131295350
131295354
131295358
131295362
131295366
131295370
131295374
131295378
131295382
131295386
131295390
131295394
131295396
131295400
131295404
131295408
6169924
6169925
6169926
6169927
6169928
6169929
6169930
6169931
6169932
6169933
66538684
66538685
66538686
66538687
66538688
66538689
66538690
66538691
66538692
66538693
66538694
66538695
66538696
66538697
683722
683726
683729
683732
683736
683737
683740
683742
683745
683748
683750
75623940
75623941
75623942
75623943
75623944
75623945
75623946
75623947
75623948
75623949
17599098
17599099
17599100
17599101
17599102
17599103
17599104
17599105
17599106
17599107
17599108
610032
610057
610063
610040
610062
610014
610029
610038
610059
610049
610031
610076
610073
18090722
18090723
18090724
18090725
18090726
18090727
18090728
18090729
18090730
17442776
17442777
17442778
17442779
17442780
17442781
17442782
17442783
17442784
17442785
17442786
17442787
17442788
17442789
17442790
17442791
17442792
17442793
17442794
17442795
17442796
17442797
17442798
17442799
17442800
75623954
75623955
75623956
75623957
75623958
75623959
75623960
75623961
75623962
75623963
75623923
75623924
75623925
75623926
75623927
75623928
75623929
75623930
75623931
75623932
75623933
104094644
104094646
104094648
104094650
104094652
104094654
104094656
104094658
104094660
104094662
15715670
15715671
15715672
15715673
15715674
15715675
15715676
15715677
15715678
15715679
15715681
15715682
15715683
13785975
13785976
13785977
13785978
13785979
13785980
13785981
13785982
13785983
13785984
13785965
13785966
13785967
13785968
13785969
13785970
13785971
13785972
13785973
13785974
130200606
130200608
130200610
130200612
130200614
130200616
130200618
130200620
130200622
130200624
130200626
130200628
130200630
130200632
7230320
7230321
7230322
7230323
7230324
7230325
7230326
7230327
958106
957756
958107
958108
957760
898473
958109
958111
957764
958113
958114
14639493
14639494
14639495
14639496
14639497
14639498
14639499
14639500
14639501
14639502
14639503
14639504
14639505
14639506
14639507
14639508
14639509
63359967
63359968
63359969
63359970
63359971
63359972
63359973
63359974
63359975
63359976
63359977
63359978
63359979
63359980
63359981
63359982
63359983
63359984
63359985
63359986
63359987
63359988
66137773
66137774
66137775
66137776
66137777
66137778
66137779
66137780
66137781
66137782
66137783
66137784
66137785
66137786
66137787
66137788
66137789
17784321
17784322
17784323
17784324
17784325
17784326
17784327
17784328
17784329
17784330
17784331
17784332
17784333
80654436
80654438
80654440
80654442
80654444
80654446
80654448
80654450
80654452
80654454
80654456
80654458
80654460
80654462
109844086
109844088
109844090
109844092
109844094
109844096
109844098
109844100
109844102
109844104
109844106
109844108
109844110
109844112
90432205
90432207
90432209
90432211
90432213
90432215
90432217
90432219
90432221
90432225
90432227
90432229
90432231
90432233
90432235
90432237
90432239
90432241
90432223
90432243
90432245
90432247
90432249
90432251
90432253
90432255
90432257
90432259
90432261
90432263
90432265
90432267
90432269
90432271
90432273
90432275
90432277
90432279
90432281
90432283
90432285
90432287
90432289
90432291
90432293
90432295
90432297
90432299
90432301
90432303
90432305
90432307
90432309
90432311
90432313
90432315
90432317
90432319
90432321
90432323
90432325
90432327
90432329
90432331
786353
786358
786369
786375
786382
786389
786395
786401
786408
786417
786425
92134726
92134728
92134730
92134732
92134734
92134736
92134738
92134740
92134742
92134744
92134746
92134748
92134750
75559455
75559456
75559457
75559458
75559459
75559460
75559461
75559462
75559463
75559464
669484
669486
669489
669492
669494
669497
669499
669502
669504
669506
669509
669513
669517
669519
669521
669524
669526
669528
669531
669533
669534
669539
669541
669543
668175
668176
668178
668180
668183
668184
668185
668186
668190
668193
668194
668195
668196
668198
61840031
61840033
61840035
61840036
61840037
61840039
61840040
61840041
61840042
61840044
61840045
61840046
61840048
61840049
61840050
61840052
61840053
61840054
61840055
61840057
61840058
61840059
61840060
61840062
61840063
61840065
61840066
61840067
61840069
61840070
14632943
14632944
14632945
14632946
14632947
14632948
14632949
14632950
14632952
14632953
14632954
14632955
14632956
14632957
14632979
14632980
14632981
14632982
14632983
14632984
14632986
14632987
14632988
14632989
14632990
14632991
14632992
14632993
14632995
14632996
14632997
14632958
14632959
14632960
14632961
14632962
14632963
14632964
14632965
14632966
14632967
14632968
14632969
14632970
14632971
14632972
14632973
17689722
17689723
17689724
17689725
17689726
17689727
17689728
17689729
17689730
17689731
17689732
17689733
17689734
17689735
17689736
17689737
13917302
13917303
13917304
13917305
13917306
13917307
13917308
13917309
13917310
13917311
13917312
13917313
13917314
13917315
13917316
13917317
747657
747664
747672
747679
747686
747691
747698
747703
747715
66537934
66537935
66537936
66537937
66537938
66537939
66537940
66537941
66537942
66537943
18060792
18060793
18060794
18060795
18060796
18060797
18060798
18060799
18060800
18060801
18060802
18060803
18060804
18060805
18060806
18060807
18027385
18027386
18027387
18027388
18027389
18027390
18027391
18027392
18027393
18027394
18027395
18027396
18027397
18027398
18027399
18027400
18027401
18027402
18027403
18056111
18056112
18056113
18056114
18056115
18056116
18056117
18056118
18056119
18056120
18056121
18056122
18056123
18056124
18056125
136330364
136330370
136330378
136330380
136330384
136330388
136330392
136330394
136330396
136330398
136330400
136330402
136330404
136330406
136330408
136330410
136330412
136330414
136330416
136330418
136330420
136330422
136330424
136330426
136330428
136330430
136330432
136330434
136330436
136330438
136330440
136330442
136330444
136330446
136330448
136330450
136330452
136330454
136330456
4314994
4314995
4314996
4314997
4314998
4314999
4315000
4315001
4315002
4315003
4315004
12080183
12080184
12080185
12080186
12080187
12080188
12080189
12080190
12080191
12080192
12080193
12080194
12080195
12080196
12080197
12080198
12080199
12080200
12080201
12080202
12080203
93719768
93719770
93719772
93719774
93719776
93719778
93719780
93719782
93719784
93719786
93719788
93719790
93719792
93719794
93719796
93719798
93719800
93719802
12080204
12080205
12080206
12080207
12080208
12080209
12080210
12080211
12080212
12080213
12080214
12080215
10291266
10291267
10291268
10291269
10291270
10291271
10291272
10291273
10291274
10291275
17612014
17612015
17612016
17612017
17612018
17612019
17612020
17612021
17612022
17612023
17612024
17612025
17612026
17612027
17612028
17612029
17612030
17612031
17612032
17612033
17612034
17612035
17612036
17612037
17612038
86724653
86724655
86724657
86724659
86724661
86724663
86724665
86724667
86724671
4848220
4848221
4848223
4848225
4848226
4848229
4848231
4848233
4848235
4848236
67754229
67754230
67754231
67754232
67754233
67754234
67754235
67754236
67754237
67754238
67754239
67754240
97173546
97173548
97173550
97173552
97173554
97173556
97173558
97173560
97173562
97173564
97173566
3664180
3664181
3664182
3664183
3664184
3664185
3664186
3664187
675211
675214
675218
675222
675225
675228
675231
675233
675238
675240
675245
675248
68945110
68945111
68945112
68945113
68945114
68945115
68945116
68945117
68945118
68945119
71444763
71444764
71444765
71444766
71444767
71444768
71444769
71444770
71444771
71444772
71444773
71444774
71444775
71444776
71444777
71444778
71444779
71444780
71444781
71444782
71444783
71444784
71444785
71444786
71444787
71444788
71444789
71444790
71444791
71444792
71444793
71444794
71444795
71444796
71444797
71444798
71444799
71444800
71444801
71444802
71444803
71444804
71444805
71444806
71444807
71444808
71444809
71444810
71444811
71444812
71444813
71444814
71444815
71444816
71444817
71444818
71444819
71444820
71444821
71444822
105786536
105786538
105786540
105786542
105786544
105786546
105786548
105784790
105784792
105784794
105784796
105784798
105784800
105784802
105784804
105784806
105784808
105784810
105784812
110210848
110210850
110210852
110210854
110210856
110210858
110210860
110210862
110210864
110210866
110210868
110210870
110210872
110210874
110210876
110210878
110210880
110210882
110210884
110210886
110210888
110210890
110210892
110210894
110210896
100243518
100243520
100243522
100243524
100243526
100243528
100243530
100243532
100243534
100243536
61235081
61235082
61235083
61235084
61235085
61235086
61235087
61235088
61235089
61235090
61235091
61235092
8267266
8267267
8267268
8267269
8267270
941682
941684
941687
941689
941691
941695
941698
941700
941704
941706
941709
17691124
17691125
17691126
17691127
17691128
17691129
17691130
17691131
17691132
17691133
17691114
17691115
17691116
17691117
17691118
17691119
17691120
17691121
17691122
17691123
779140
779146
779151
779159
779163
779171
779176
779183
779193
779199
779208
779216
779222
779232
779237
779241
779249
2794326
2794327
2794328
2794329
2794330
2794331
2794332
2794333
2794334
2794335
2794336
5429292
5429293
15275600
15272939
15272846
15275599
15274924
15273773
15274206
15273028
15275412
15272842
15273772
15273032
15273027
15274922
15273505
4304340
4304341
4304342
4304343
4304344
4304345
4304346
4304347
4304348
4304349
4304350
4304351
4304352
3131186
3131187
3131188
3131189
3131190
3131191
3131192
3131193
3131194
3131195
3131196
3131197
3131198
3131199
3131200
4304353
4304354
4304355
4304356
4304357
4304358
4304359
4304360
4304361
4304362
4304363
4304364
4304365
4304366
4304367
4304368
4304369
4304370
4304371
4304372
4304373
62382207
62382208
62382209
62382210
62382211
62382212
62382213
62382214
62382215
62382216
62382217
3135763
3135764
3135765
3135766
3135767
3135768
3135769
3135770
3135771
3135772
3135773
3135774
3135775
3135776
3135777
3135839
3135840
3135841
3135842
3135843
3135844
3135845
3135846
3135847
3135848
3135849
3135850
3135851
3135852
3135853
15733506
15733507
15733508
15733509
15733510
15733511
15733512
15733513
15733514
15733515
15733516
15733517
15733518
15733519
15733520
15733521
15733522
15733523
15733524
15733525
15733526
15733527
15733528
15733529
15733530
105281330
105281332
105281334
105281336
105281338
105281340
105281342
105281344
105281346
105281348
105281350
105281352
105281354
2739290
2739291
2739292
2739293
2739294
2739295
2739296
2739297
2739298
2739299
2739300
2739301
2739302
2739303
105281298
105281300
105281302
105281304
105281306
105281308
105281310
105281312
105281314
105281316
105281318
105281320
105281322
105281324
105281326
105281328
105281784
105281786
105281788
105281790
105281792
105281794
105281796
105281798
105281800
105281802
105281804
105281608
105281610
105281612
105281614
105281616
105281618
105281620
105281622
105281624
105281626
105281628
105281630
105281632
129081420
129081422
129081424
129081426
129081428
129081430
129081432
