90432221
935257
105280938
3107309
89260753
1655615
67238730
5093677
89260785
427509542
669354
1870243
86724667
78670930
123457122
4952882
76297680
10961097
14633889
34233991
1503935
116435442
2088874
30515461
75569821
66137819
2465906
17127234
17691309
116435452
17127264
89260733
61840053
88299277
18084368
1314868
3603696
123457130
13211906
4315004
83934711
2657835
54580171
71511136
123457120
947998
15523336
105927126
89260799
67677910
133388742
54146461
936453
2033867
145285730
111969096
89260781
17442951
668396
14618884
30531881
664510
17599107
89260775
116467660
123457134
75799760
123457126
67918923
17975499
10864740
800141
98352396
15715683
7853309
4357944
116436922
3120658
2067643
17691313
4084758
778768
14639867
116876974
779232
125988135
65993732
16501737
759336
17442782
83934723
5093679
62005374
85900429
17607580
66539542
34234051
13159665
2088863
120376978
123457114
17128367
3603700
13206039
61235088
17442961
92720002
66137818
101912567
2033843
940441
17442790
13206034
30531761
3100447
5026980
69924577
947969
17607578
12080200
3100600
30515451
93719786
34963141
19786461
969334
3129787
13206038
17127261
6311679
12080194
13209520
11394763
89260795
963064
105281826
123457128
3506706
116435428
30531871
7459757
104233816
105281798
61243194
13206037
89260773
34961141
3134812
98352410
116436970
123457118
6633932
13206033
104094656
3135842
17442939
17691316
80869716
3506712
15586302
89260763
10864741
95341550
71444788
17637121
136332288
65579489
16501747
7459756
10983461
17691312
14633869
125965499
13206035
78522086
114779084
7230322
105098838
14628424
5093676
114374790
116467666
34963161
15422791
75457547
6328723
138547431
83934715
4084762
131300756
68153266
30531781
1503943
133388746
136332296
61243198
105281784
29373591
17127221
5936386
89260757
941406
73615286
6641069
66537267
77966651
14637341
17686047
1503928
62005369
13206504
428937312
16348184
10864638
89260823
89260819
71444773
69924574
14627136
144098540
6629310
69962769
6587038
13206503
88312527
15179126
10864749
15179144
69962770
85562278
10961102
105927098
624838
14614446
17944072
17989328
81086516
17599100
5741051
67238728
105428406
17607585
13206040
123457136
92476606
3310007
107790262
14628429
63359977
34234081
88312531
2067713
102433870
18055195
98352338
89260771
3152592
13206041
120414848
69962773
89260729
10864637
8989068
2067665
66137825
62304807
120414844
17609973
66480900
107474572
105098860
17128516
62743723
13570410
